image: kamu_map_360p_10hz_hector_0.01res.pgm
resolution: 0.010000
origin: [-10.245000, -10.245000, 0.000000]
negate: 0
occupied_thresh: 0.65
free_thresh: 0.196

