image: 4Objects128pt3.pgm
resolution: 0.010000
origin: [-1.218489, -0.957658, 0.000000]
negate: 0
occupied_thresh: 0.65
free_thresh: 0.196

