image: 4Objects128pt1.pgm
resolution: 0.010000
origin: [-1.223450, -0.975333, 0.000000]
negate: 0
occupied_thresh: 0.65
free_thresh: 0.196

