image: 4Objects128pt2.pgm
resolution: 0.010000
origin: [-1.217345, -0.973787, 0.000000]
negate: 0
occupied_thresh: 0.65
free_thresh: 0.196

