image: fourobjects-128ot-use-odometry-false.pgm
resolution: 0.010000
origin: [-1.330204, -1.090368, 0.000000]
negate: 0
occupied_thresh: 0.65
free_thresh: 0.196

