image: carto-kamu_map_1.2m-maxrange-2.pgm
resolution: 0.010000
origin: [-1.059119, -1.080000, 0.000000]
negate: 0
occupied_thresh: 0.65
free_thresh: 0.196

