image: ahmet.pgm
resolution: 0.010000
origin: [-1.200000, -0.900000, 0.000000]
negate: 0
occupied_thresh: 0.65
free_thresh: 0.196

