image: fourobjects-128pt.pgm
resolution: 0.010000
origin: [-1.220338, -1.016779, 0.000000]
negate: 0
occupied_thresh: 0.65
free_thresh: 0.196

